- think about leaving progress until after quality...
- verify rng use for seeds
- prudent synth if almost done

- seeds:

stats t2:
base: 0.00% / 0.04% / 0.73% / 6.30% / 92.93% / 2.921
v001: 0.01% / 0.04% / 0.70% / 6.59% / 92.66% / 2.919
v002: 0.01% / 0.04% / 0.70% / 6.22% / 93.03% / 2.922
v003: 0.01% / 0.03% / 0.71% / 6.25% / 92.99% / 2.922
v004: 0.01% / 0.03% / 0.61% / 5.56% / 93.79% / 2.931
v005: 0.00% / 0.01% / 0.43% / 5.73% / 93.82% / 2.934
v006: 0.00% / 0.02% / 0.41% / 5.66% / 93.91% / 2.935
v007: 0.00% / 0.01% / 0.33% / 5.21% / 94.45% / 2.941
v008: 0.00% / 0.01% / 0.36% / 5.33% / 94.30% / 2.939 - manip bugfix
v009: 0.00% / 0.02% / 0.40% / 4.79% / 94.79% / 2.944
v010: 0.00% / 0.02% / 0.42% / 4.87% / 94.69% / 2.942
v011: 0.00% / 0.02% / 0.44% / 4.89% / 94.65% / 2.942

stats t1:
exp01: 0.11% / 0.08% / 1.47% / 4.17% / 94.16% / 2.923
old01: 0.08% / 0.04% / 0.59% / 4.72% / 94.57% / 2.937
old02: 0.08% / 0.05% / 0.59% / 4.69% / 94.59% / 2.937
old03: 0.06% / 0.04% / 0.57% / 4.52% / 94.80% / 2.940
old04: 0.06% / 0.04% / 0.56% / 3.83% / 95.51% / 2.948
old05: 0.05% / 0.04% / 0.54% / 3.79% / 95.57% / 2.948
old06: 0.06% / 0.03% / 0.50% / 3.81% / 95.60% / 2.949
old07: 0.05% / 0.03% / 0.45% / 3.47% / 96.01% / 2.954
old08: 0.05% / 0.02% / 0.37% / 3.52% / 96.03% / 2.955
old09: 0.05% / 0.02% / 0.36% / 3.58% / 95.95% / 2.955
old10: 0.05% / 0.02% / 0.36% / 3.52% / 96.05% / 2.955
old11: 0.05% / 0.02% / 0.34% / 3.45% / 96.14% / 2.957
old12: 0.01% / 0.03% / 0.37% / 3.51% / 96.08% / 2.956
old13: 0.01% / 0.03% / 0.32% / 3.13% / 96.51% / 2.961
old14: 0.01% / 0.02% / 0.29% / 2.82% / 96.86% / 2.965
old15: 0.01% / 0.02% / 0.27% / 2.51% / 97.19% / 2.969
old16: 0.01% / 0.02% / 0.30% / 2.69% / 96.98% / 2.966
old17: 0.00% / 0.03% / 0.31% / 2.60% / 97.07% / 2.967
old18: 0.00% / 0.02% / 0.32% / 2.55% / 97.11% / 2.967
old19: 0.01% / 0.02% / 0.28% / 2.43% / 97.27% / 2.969
